Length of the list   = 130
66813 37837 
0 89 20 9 52 69 66 39 38 4 99 29 36 51 42 54 76 44 16 62 30 41 88 73 59 86 82 13 47 50 14 5 3 65 93 83 71 37 48 74 79 55 25 64 78 46 22 87 21 15 17 23 35 18 91 43 95 40 77 12 32 81 63 1 49 53 57 6 56 33 45 70 11 26 34 60 24 8 19 85 61 80 68 67 94 75 28 2 84 72 92 10 90 27 7 96 98 58 31 97 
75190 34131 
0 89 20 9 52 69 66 39 38 4 99 29 19 85 67 68 61 80 46 78 64 25 55 79 74 48 37 71 83 93 65 3 5 14 50 47 13 82 86 59 73 88 41 30 62 15 17 23 21 87 22 54 76 44 16 35 18 91 43 95 40 77 12 32 81 63 1 49 42 51 36 53 57 6 56 33 26 34 60 24 8 45 70 11 94 75 28 2 84 72 92 10 90 27 7 96 98 58 31 97 
34649 72474 
0 27 92 66 39 53 63 1 43 49 81 12 32 75 94 72 84 67 68 80 24 60 57 86 50 82 54 42 13 40 47 77 95 51 36 4 38 29 99 70 2 28 45 33 6 56 8 19 61 85 11 26 34 59 76 22 46 71 83 73 14 16 44 35 23 17 15 21 87 93 65 3 5 62 91 18 30 41 88 79 55 74 48 89 9 20 10 90 97 31 58 98 37 78 64 25 69 52 96 7 
58707 43192 
0 89 48 74 79 55 25 64 78 37 71 46 22 87 21 15 17 23 35 18 91 43 95 40 77 12 32 81 63 1 49 53 57 88 41 30 62 50 47 13 82 86 59 73 83 93 65 3 5 14 16 44 76 54 42 51 36 29 99 4 38 67 84 72 94 75 28 2 70 45 33 6 56 8 24 60 34 26 11 19 85 61 80 68 39 66 69 52 9 20 10 92 27 90 97 31 58 98 96 7 
25942 100220 
0 27 92 66 57 60 24 80 67 84 72 68 39 53 63 1 43 49 81 94 75 32 12 95 77 51 36 4 38 29 99 70 40 47 13 42 45 2 28 33 54 82 50 86 56 6 8 11 26 34 85 19 61 59 76 22 44 16 14 73 71 20 58 10 31 90 97 46 62 5 48 89 9 83 37 98 35 23 17 15 87 21 93 78 52 69 25 64 65 3 18 91 41 30 88 79 55 74 96 7 
25450 103377 
0 7 96 74 55 79 30 88 41 91 18 3 65 64 25 69 52 78 93 21 87 15 17 23 35 37 98 58 73 20 71 83 9 89 48 5 62 46 97 90 31 10 14 16 44 22 76 59 61 19 85 34 26 11 8 6 56 86 50 82 54 33 28 2 45 42 13 47 40 70 99 29 38 4 36 51 77 95 12 32 75 94 81 49 43 1 63 53 39 68 72 84 67 80 24 60 57 66 27 92 
53380 47130 
0 89 48 74 79 55 25 64 78 37 71 46 22 76 44 16 35 23 17 15 87 21 18 91 62 30 41 88 57 53 49 43 1 63 81 32 12 77 95 40 13 47 50 14 5 3 65 93 83 73 59 86 82 54 42 51 36 29 99 4 38 67 84 72 94 75 28 2 70 45 33 6 56 8 24 60 34 26 11 19 85 61 80 68 39 66 69 52 9 20 10 92 27 90 97 31 58 98 96 7 
27913 90720 
0 27 92 66 39 53 63 1 43 49 81 12 32 75 94 4 36 51 95 77 47 40 13 42 54 82 33 45 28 2 70 99 29 38 84 67 72 68 80 24 60 57 50 86 56 6 8 11 26 34 85 19 61 59 76 22 44 16 14 73 20 71 83 9 89 48 46 97 90 31 10 58 98 37 35 23 17 15 87 21 93 78 52 69 25 64 65 3 18 91 62 5 41 30 88 79 55 74 96 7 
43760 57679 
0 7 96 27 92 66 39 68 80 67 72 84 38 4 99 29 51 36 94 75 28 2 70 45 33 6 56 8 24 60 57 53 49 43 1 63 81 32 12 77 95 40 47 13 42 54 82 50 86 59 34 26 11 19 85 61 46 22 76 44 16 14 5 3 65 93 83 73 71 37 98 58 31 97 90 10 20 9 52 69 25 64 78 87 21 15 17 23 35 18 91 62 30 41 88 79 55 74 48 89 
125974 24407 
0 89 20 9 67 84 72 52 69 38 39 66 4 61 99 55 25 68 29 74 79 19 85 48 37 71 36 64 78 80 46 87 21 22 54 49 76 15 23 17 44 16 35 18 91 43 95 40 77 12 1 41 62 30 47 50 14 32 81 63 13 82 5 3 65 73 59 86 88 42 51 53 57 83 6 33 56 93 60 34 26 8 24 45 70 11 97 31 58 98 7 96 90 27 92 10 2 28 75 94 
34989 71747 
0 27 92 66 39 53 63 1 43 49 81 12 32 75 94 72 84 67 68 80 24 60 57 86 50 82 54 42 13 47 40 95 77 51 36 4 38 29 99 70 2 28 45 33 6 56 8 19 61 85 11 26 34 59 76 22 46 71 83 73 14 16 44 35 23 17 15 21 87 93 65 3 5 62 91 18 30 41 88 79 55 74 48 89 9 20 10 90 97 31 58 98 37 78 64 25 69 52 96 7 
22940 129524 
0 92 27 57 66 39 53 63 1 43 49 81 94 75 32 12 36 4 51 77 95 47 99 70 40 13 42 45 2 28 29 38 84 67 72 68 80 24 60 50 86 56 6 8 33 82 54 11 26 34 85 19 61 59 76 22 44 16 14 10 31 90 97 46 62 5 48 89 9 83 71 20 58 73 35 98 37 23 17 93 21 15 87 78 52 69 25 64 65 3 18 74 96 55 79 30 88 41 7 91 
32503 77445 
0 7 96 52 69 25 64 78 37 98 58 10 31 97 90 27 92 66 39 53 63 1 43 49 81 12 32 75 94 72 84 67 68 80 24 60 57 86 50 82 54 42 13 40 47 77 95 51 36 4 38 29 99 70 2 28 45 33 6 56 8 11 26 34 85 19 61 59 76 22 44 16 14 73 20 9 89 48 74 55 79 88 41 30 18 91 62 5 3 65 93 87 21 15 17 23 35 83 71 46 
39842 63408 
0 7 96 52 69 25 64 78 37 98 58 31 97 90 10 20 9 89 48 74 55 79 88 41 30 62 5 3 65 93 87 21 15 17 23 35 18 91 44 16 14 73 83 71 46 22 76 54 82 50 86 59 34 26 11 85 61 19 8 56 6 33 45 28 2 70 99 29 38 4 75 94 36 51 42 13 47 40 95 77 12 32 81 63 1 43 49 53 57 60 24 80 68 67 84 72 39 66 92 27 
35792 70278 
0 7 96 52 69 25 64 78 37 98 58 31 97 90 10 20 9 89 48 74 55 79 88 41 30 62 5 3 65 93 87 21 15 17 23 35 18 91 44 16 14 73 83 71 46 22 76 59 34 26 11 85 61 19 8 56 6 33 45 28 2 70 99 29 38 4 36 51 77 95 40 47 13 42 54 82 50 86 57 60 24 80 68 67 84 72 94 75 32 12 81 49 43 1 63 53 39 66 92 27 
42532 59436 
0 27 92 66 39 68 80 24 60 57 53 49 43 1 63 81 32 12 77 95 40 47 13 42 51 36 29 99 4 38 67 84 72 94 75 28 2 70 45 33 6 56 8 19 61 85 11 26 34 59 86 50 82 54 76 22 46 71 83 73 14 16 44 91 18 35 23 17 15 21 87 93 65 3 5 62 30 41 88 79 55 74 48 89 9 20 10 90 97 31 58 98 37 78 64 25 69 52 96 7 
43354 58346 
0 7 96 52 69 25 64 78 37 98 58 20 9 89 48 74 55 79 88 41 30 62 91 18 35 23 17 15 21 87 93 65 3 5 14 16 44 76 22 46 71 83 73 59 86 50 82 54 42 13 47 40 95 77 12 32 81 63 1 43 49 53 57 60 24 80 68 39 72 84 67 38 4 99 29 51 36 94 75 28 2 70 45 33 6 56 34 26 11 8 19 85 61 66 92 27 90 10 31 97 
29594 85045 
0 7 96 3 65 64 25 69 52 78 93 87 21 15 17 23 35 18 91 62 5 41 30 88 79 55 74 48 89 9 20 73 14 16 44 22 76 59 61 19 85 34 26 11 8 6 56 86 50 57 60 24 80 68 72 67 84 38 29 99 70 2 28 45 33 82 54 42 13 40 47 77 95 51 36 4 94 75 32 12 81 49 43 1 63 53 39 66 92 27 90 97 31 10 58 98 37 83 71 46 
21464 162108 
0 92 27 66 57 60 50 86 24 80 68 63 39 53 1 43 49 72 67 84 29 38 81 94 75 12 32 36 4 95 77 51 47 99 70 40 13 2 42 45 28 33 82 54 6 8 56 19 11 26 85 34 61 59 76 22 97 90 44 16 14 10 31 46 62 5 48 89 9 83 71 20 73 58 35 98 37 23 17 78 52 87 15 93 21 69 65 25 64 3 18 74 96 55 79 30 88 41 7 91 
83630 31341 
0 94 75 28 2 84 72 92 10 90 27 7 96 98 58 31 97 11 70 45 8 24 60 34 26 33 56 6 57 53 36 51 42 49 88 73 59 86 82 13 47 50 30 62 41 15 17 23 21 87 22 54 76 44 16 35 18 91 43 95 40 77 12 1 63 81 32 14 5 3 65 93 83 71 37 48 79 74 55 25 64 78 46 80 68 67 85 19 29 99 61 4 38 39 66 69 52 9 20 89 
46991 53593 
0 89 48 74 79 55 64 25 69 52 9 20 71 73 83 93 65 3 5 14 16 44 76 22 46 80 68 39 66 61 85 19 11 26 34 59 86 50 82 54 42 13 47 40 95 77 12 32 81 63 1 43 49 51 36 29 99 4 38 67 84 72 94 75 28 2 70 45 33 6 56 8 24 60 57 53 88 41 30 62 91 18 35 23 17 15 21 87 78 37 98 58 31 97 90 10 92 27 96 7 
119902 24989 
0 94 75 28 2 10 92 27 90 96 7 98 58 31 97 11 70 45 24 8 26 34 60 93 56 33 6 57 83 71 36 53 51 42 88 86 59 73 65 3 5 82 13 63 81 32 14 50 47 30 62 41 1 12 77 40 95 43 91 18 35 16 44 17 23 15 76 49 54 22 21 87 46 80 78 64 74 79 37 48 85 19 29 68 25 55 99 61 4 66 39 38 69 52 72 84 67 9 20 89 
31512 79864 
0 7 96 52 69 25 64 65 3 5 62 91 18 30 41 88 79 55 74 48 89 9 20 73 14 16 44 22 76 59 61 19 85 34 26 11 8 56 6 33 45 28 2 70 99 29 38 4 36 51 95 77 47 40 13 42 54 82 50 86 57 60 24 80 68 67 84 72 94 75 32 12 81 49 43 1 63 53 39 66 92 27 90 97 31 10 58 98 37 78 93 87 21 15 17 23 35 83 71 46 
72536 35192 
0 89 20 9 52 69 66 39 67 38 4 99 29 19 85 61 68 80 46 78 64 25 55 79 74 48 37 71 83 93 65 3 5 14 50 47 13 82 86 59 73 88 41 30 62 15 17 23 21 87 22 54 76 44 16 35 18 91 43 95 40 77 12 32 81 63 1 49 42 51 36 53 57 6 56 33 45 8 24 60 34 26 11 70 94 75 28 2 84 72 92 10 90 27 7 96 98 58 31 97 
22366 138992 
0 92 27 66 57 60 50 86 24 80 67 84 72 68 39 53 63 1 43 49 81 94 75 32 12 36 4 38 29 95 77 51 47 99 70 40 13 42 2 45 28 33 82 54 6 8 56 19 11 26 34 85 61 59 76 22 44 97 90 31 10 14 16 73 58 20 71 46 62 5 48 89 9 83 35 98 37 23 17 78 52 87 15 21 93 69 25 64 65 3 18 74 96 55 79 30 88 41 7 91 
48692 51641 
0 7 96 98 58 31 97 90 27 92 10 20 9 52 69 25 64 78 37 71 83 73 59 86 50 82 54 42 13 47 40 95 77 12 32 81 63 1 43 49 53 51 36 29 99 4 38 67 84 72 94 75 28 2 70 45 33 8 24 60 57 6 56 34 26 11 19 85 61 66 39 68 80 46 22 76 44 16 14 5 3 65 93 87 21 15 17 23 35 18 91 62 30 41 88 79 55 74 48 89 
97834 28120 
0 94 75 28 2 84 72 92 10 90 27 96 7 98 58 31 97 11 70 45 8 24 60 34 26 33 56 6 57 83 93 73 59 86 88 65 3 5 14 82 13 63 32 81 47 50 30 62 41 1 12 77 40 95 43 91 18 35 16 44 76 15 17 23 21 87 22 54 49 42 51 53 36 71 64 78 46 80 55 25 74 79 37 48 85 19 29 99 61 68 67 39 38 4 66 69 52 9 20 89 
71449 35687 
0 89 20 9 52 69 66 39 38 4 99 29 19 85 61 68 80 46 78 64 25 55 79 74 48 37 71 83 93 65 3 5 14 50 47 13 82 86 59 73 88 41 30 62 15 17 23 21 87 22 54 76 44 16 35 18 91 43 95 40 77 12 32 81 63 1 49 42 51 36 53 57 6 56 33 45 8 24 60 34 26 11 70 2 28 75 94 67 84 72 92 10 90 27 7 96 98 58 31 97 
27097 93980 
0 27 92 66 39 53 63 1 43 49 81 12 32 75 94 4 36 51 95 77 47 40 13 42 54 82 33 45 28 2 70 99 29 38 84 67 72 68 80 24 60 57 50 86 56 6 8 11 26 34 85 19 61 59 76 22 44 16 14 73 20 71 83 9 89 48 5 62 46 97 90 31 10 58 98 37 35 23 17 15 87 21 93 78 52 69 25 64 65 3 18 91 41 30 88 79 55 74 96 7 
171860 22183 
0 94 97 31 58 75 28 7 98 96 90 27 2 10 92 84 72 52 69 38 39 66 4 61 68 25 99 55 80 78 46 64 36 71 37 19 79 74 29 48 85 67 9 20 89 45 24 8 33 6 83 57 51 53 87 21 22 54 76 23 17 44 35 95 91 18 43 40 16 77 12 62 30 47 50 81 32 14 5 3 82 63 13 41 1 15 49 42 88 86 65 73 59 56 93 60 34 26 70 11 
25714 101528 
0 27 92 66 57 60 24 80 67 84 72 68 39 53 63 1 43 49 81 94 75 32 12 95 77 51 36 4 38 29 99 70 40 47 13 42 45 2 28 33 54 82 50 86 56 6 8 11 26 34 85 19 61 59 76 22 44 16 14 10 31 90 97 46 62 5 48 89 9 83 71 20 73 58 98 37 35 23 17 15 87 21 93 78 52 69 25 64 65 3 18 91 41 30 88 79 55 74 96 7 
39132 64540 
0 27 92 66 39 68 80 67 72 84 38 4 75 94 36 51 29 99 70 2 28 45 33 6 56 86 50 82 54 42 13 47 40 95 77 12 32 81 63 1 43 49 53 57 60 24 8 19 61 85 11 26 34 59 76 22 46 71 83 73 14 16 44 91 18 35 23 17 15 21 87 93 65 3 5 62 30 41 88 79 55 74 48 89 9 20 10 90 97 31 58 98 37 78 64 25 69 52 96 7 
55246 45652 
0 7 96 98 58 31 97 90 27 92 10 20 9 52 69 66 39 68 80 61 85 19 11 26 34 60 24 8 56 6 33 45 70 2 28 75 94 72 84 67 38 4 99 29 36 51 42 13 82 86 59 73 83 93 65 3 5 14 50 47 40 95 77 12 32 81 63 1 43 49 53 57 88 41 30 62 91 18 21 87 15 17 23 35 16 44 76 54 22 46 71 37 78 64 25 55 79 74 48 89 
73370 34832 
0 97 31 58 98 96 7 27 90 10 92 72 84 2 28 75 94 11 70 45 8 24 60 34 26 33 56 6 57 53 36 51 42 49 1 63 81 32 12 77 40 95 43 91 18 35 16 44 76 54 22 87 21 23 17 15 62 30 41 88 73 59 86 82 13 47 50 14 5 3 65 93 83 71 37 48 74 79 55 25 64 78 46 80 68 61 85 19 29 99 4 38 67 39 66 69 52 9 20 89 
50220 50016 
0 7 96 98 58 31 97 90 27 92 10 20 9 52 69 25 64 78 37 71 83 73 59 86 56 6 57 53 49 43 1 63 81 32 12 77 95 40 13 47 50 82 54 42 51 36 29 99 4 38 67 84 72 94 75 28 2 70 45 33 8 24 60 34 26 11 19 85 61 66 39 68 80 46 22 76 44 16 14 5 3 65 93 87 21 15 17 23 35 18 91 62 30 41 88 79 55 74 48 89 
22451 137515 
0 92 27 66 57 60 50 86 24 80 67 84 72 68 39 53 63 1 43 49 81 94 75 32 12 36 4 38 29 95 77 51 47 99 70 40 13 42 2 28 45 33 82 54 6 8 56 19 11 26 34 85 61 59 76 22 44 97 90 31 10 14 16 73 58 20 71 46 62 5 48 89 9 83 35 98 37 23 17 78 52 87 15 21 93 69 25 64 65 3 18 74 96 55 79 30 88 41 7 91 
25330 104455 
0 7 96 74 55 79 30 88 41 91 18 3 65 64 25 69 52 78 87 21 15 93 17 23 35 37 98 58 73 20 71 83 9 89 48 5 62 46 97 90 31 10 14 16 44 22 76 59 61 19 85 34 26 11 8 6 56 86 50 82 54 33 28 2 45 42 13 47 40 70 99 29 38 4 36 51 77 95 12 32 75 94 81 49 43 1 63 53 39 68 72 84 67 80 24 60 57 66 27 92 
23896 117595 
0 7 91 41 88 30 79 55 96 74 18 3 65 64 25 69 52 78 87 15 21 93 17 23 35 37 98 58 73 20 71 83 9 89 48 5 62 46 97 90 31 10 14 16 44 22 76 59 61 19 85 34 26 11 8 6 56 86 50 82 54 33 45 28 2 42 13 40 70 99 47 77 95 51 29 38 4 36 12 32 75 94 81 49 43 1 63 53 39 68 72 84 67 80 24 60 57 66 27 92 
37087 67978 
0 27 92 66 39 68 67 84 72 94 75 32 12 81 49 43 1 63 53 57 60 24 80 61 19 85 34 26 11 8 56 6 33 45 28 2 70 99 29 38 4 36 51 77 95 40 47 13 42 54 82 50 86 59 76 22 46 71 83 73 14 16 44 91 18 35 23 17 15 21 87 93 65 3 5 62 30 41 88 79 55 74 48 89 9 20 10 90 97 31 58 98 37 78 64 25 69 52 96 7 
28762 87714 
0 27 92 66 39 53 63 1 43 49 81 12 32 75 94 4 36 51 95 77 47 40 13 42 54 82 33 45 28 2 70 99 29 38 84 67 72 68 80 24 60 57 50 86 56 6 8 11 26 34 85 19 61 59 76 22 44 16 14 73 20 71 46 97 90 31 10 58 98 37 83 9 89 48 74 55 79 88 30 41 5 62 91 18 35 23 17 15 21 87 93 78 52 69 25 64 65 3 96 7 
60392 42069 
0 7 96 98 58 10 92 27 90 31 97 11 26 34 60 24 8 19 85 61 80 68 67 84 72 94 75 28 2 70 45 33 56 6 57 53 88 41 30 62 50 47 13 82 86 59 73 83 93 65 3 5 14 16 44 76 22 46 71 37 48 74 79 55 25 64 78 87 21 15 17 23 35 18 91 43 95 40 77 12 32 81 63 1 49 54 42 51 36 29 99 4 38 39 66 69 52 9 20 89 
25858 100867 
0 27 92 66 57 60 24 80 67 84 72 68 39 53 63 1 43 49 81 12 32 75 94 36 4 38 29 51 95 77 47 13 40 99 70 2 28 45 42 33 54 82 50 86 56 6 8 11 26 34 85 19 61 59 76 22 44 16 14 10 31 90 97 46 62 5 48 89 9 83 71 20 73 58 98 37 35 23 17 15 87 21 93 78 52 69 25 64 65 3 18 91 41 30 88 79 55 74 96 7 
66101 38270 
0 89 20 9 52 69 66 39 68 80 61 85 19 8 24 60 34 26 11 70 45 33 56 6 57 53 49 1 63 81 32 12 77 40 95 43 91 18 35 23 17 15 21 87 22 46 78 64 25 55 79 74 48 37 71 83 93 65 3 5 14 50 47 13 82 86 59 73 88 41 30 62 16 44 76 54 42 51 36 29 99 4 38 67 94 75 28 2 84 72 92 10 90 27 7 96 98 58 31 97 
21478 161657 
0 91 7 41 88 30 79 55 96 74 18 3 64 25 65 69 21 93 15 87 52 78 17 23 37 98 35 58 73 20 71 83 9 89 48 5 62 46 31 10 14 16 44 90 97 22 76 59 61 34 85 26 11 19 56 8 6 54 82 33 28 45 42 2 13 40 70 99 47 51 77 95 4 36 12 32 75 94 81 38 29 84 67 72 49 43 1 53 39 63 68 80 24 86 50 60 57 66 27 92 
23538 121666 
0 92 27 57 66 39 53 63 1 43 49 81 94 75 32 12 36 4 51 77 95 47 99 70 40 13 42 45 2 28 29 38 84 67 72 68 80 24 60 50 86 56 6 8 33 82 54 11 26 34 85 19 61 59 76 22 44 16 14 10 31 90 97 46 62 5 48 89 9 83 71 20 73 58 98 37 35 23 17 93 21 15 87 78 52 69 25 64 65 3 18 74 96 55 79 30 88 41 91 7 
37841 66708 
0 7 96 52 69 25 64 78 37 98 58 31 97 90 10 20 9 89 48 74 55 79 88 41 30 62 5 3 65 93 87 21 15 17 23 35 18 91 44 16 14 73 83 71 46 22 76 59 86 50 82 54 42 13 47 40 95 77 51 36 4 38 29 99 70 2 28 45 33 6 56 8 11 26 34 85 19 61 80 24 60 57 53 49 43 1 63 81 12 32 75 94 72 84 67 68 39 66 92 27 
25442 103452 
0 7 96 74 55 79 30 88 41 91 18 3 65 64 25 69 52 78 93 21 87 15 17 23 35 37 98 58 73 20 71 83 9 89 48 5 62 46 97 90 31 10 14 16 44 22 76 59 61 19 85 34 26 11 8 6 56 86 50 82 54 33 45 28 2 42 13 47 40 70 99 29 38 4 36 51 77 95 12 32 75 94 81 49 43 1 63 53 39 68 72 84 67 80 24 60 57 66 27 92 
30022 83797 
0 7 96 52 69 25 64 65 3 5 62 91 18 30 41 88 79 55 74 48 89 9 20 73 14 16 44 22 76 59 61 19 85 34 26 11 8 6 56 86 50 57 60 24 80 68 72 67 84 38 29 99 70 2 28 45 33 82 54 42 13 40 47 77 95 51 36 4 94 75 32 12 81 49 43 1 63 53 39 66 92 27 90 97 31 10 58 98 37 78 93 87 21 15 17 23 35 83 71 46 
76039 33841 
0 97 31 58 98 96 7 27 90 10 92 72 84 2 28 75 94 11 70 45 8 24 60 34 26 33 56 6 57 53 36 51 42 49 1 63 81 32 12 77 40 95 43 91 18 35 16 44 76 54 22 87 21 23 17 15 62 30 41 88 73 59 86 82 13 47 50 14 5 3 65 93 83 71 37 48 74 79 55 25 64 78 46 80 68 67 85 19 29 99 61 4 38 39 66 69 52 9 20 89 
74124 34532 
0 97 31 58 98 96 7 27 90 10 92 72 84 2 28 75 94 11 70 45 8 24 60 34 26 33 56 6 57 53 36 51 42 49 1 63 81 32 12 77 40 95 43 91 18 35 16 44 76 54 22 87 21 23 17 15 62 30 41 88 73 59 86 82 13 47 50 14 5 3 65 93 83 71 37 48 74 79 55 25 64 78 46 80 68 67 29 19 85 61 99 4 38 39 66 69 52 9 20 89 
41218 61352 
0 7 96 52 69 25 64 78 37 98 58 31 97 90 10 20 9 89 48 74 55 79 88 41 30 62 5 3 65 93 87 21 15 17 23 35 18 91 44 16 14 73 83 71 46 22 76 59 34 26 11 85 61 19 8 24 60 57 53 49 43 1 63 81 32 12 77 95 40 47 13 42 54 82 50 86 56 6 33 45 70 2 28 75 94 36 51 29 99 4 38 84 72 67 80 68 39 66 92 27 
152897 22687 
0 94 45 24 8 33 56 6 83 57 51 53 36 71 64 78 80 46 87 21 22 54 49 42 88 82 13 63 41 1 15 76 23 17 44 35 95 91 18 43 40 16 77 12 62 30 47 50 81 32 14 5 3 65 86 59 73 93 60 34 26 70 11 97 31 58 75 28 7 98 96 90 27 2 10 92 84 72 52 69 38 39 66 4 61 99 55 25 68 29 74 79 19 37 48 85 67 9 20 89 
65137 38902 
0 97 31 58 98 96 7 27 90 10 92 72 84 2 28 75 94 67 38 4 99 29 36 51 42 54 76 44 16 62 30 41 88 53 49 1 63 81 32 12 77 40 95 43 91 18 35 23 17 15 21 87 22 46 78 64 25 55 79 74 48 37 71 83 73 93 65 3 5 14 50 47 13 82 86 59 57 6 56 33 45 70 11 26 34 60 24 8 19 85 61 80 68 39 66 69 52 9 20 89 
22452 137262 
0 92 27 57 66 39 53 63 1 43 49 81 94 75 32 12 36 4 51 77 95 47 99 70 40 13 42 2 45 28 29 38 84 67 72 68 80 24 60 50 86 56 6 8 33 82 54 11 26 34 85 19 61 59 76 22 44 97 90 31 10 14 16 73 58 20 71 46 62 5 48 89 9 83 35 98 37 23 17 78 52 87 15 21 93 69 25 64 65 3 18 74 96 55 79 30 88 41 7 91 
88288 30179 
0 94 75 28 2 84 72 92 10 90 27 7 96 98 58 31 97 11 70 45 8 24 60 34 26 33 56 6 57 83 93 65 3 5 14 32 81 63 1 12 77 40 95 43 91 18 35 16 44 76 54 22 87 21 23 17 15 41 62 30 50 47 13 82 86 59 73 88 49 42 51 53 36 71 37 48 79 74 55 25 64 78 46 80 68 67 85 19 29 99 61 4 38 39 66 69 52 9 20 89 
82770 31600 
0 94 75 28 2 84 72 92 10 90 27 7 96 98 58 31 97 11 70 45 8 24 60 34 26 33 56 6 57 53 36 51 42 49 88 73 59 86 82 13 47 50 62 30 41 15 17 23 21 87 22 54 76 44 16 35 18 91 43 95 40 77 12 1 63 81 32 14 5 3 65 93 83 71 37 48 79 74 55 25 64 78 46 80 68 67 85 19 29 99 61 4 38 39 66 69 52 9 20 89 
21327 169236 
0 92 27 66 57 60 50 86 24 80 68 63 39 53 1 43 49 72 67 84 29 38 81 94 12 75 32 36 4 95 77 51 47 99 70 40 13 2 42 45 28 33 82 54 6 8 56 19 11 26 85 34 61 59 76 22 97 90 44 31 10 14 16 58 73 20 71 46 62 5 48 89 9 83 35 98 37 23 17 78 52 87 15 93 21 69 65 25 64 3 18 74 96 55 79 30 88 41 7 91 
169647 22235 
0 94 97 31 58 75 28 7 98 96 90 27 2 10 92 84 72 52 69 38 39 66 4 61 68 25 99 55 80 78 46 64 36 71 37 19 79 74 29 48 85 67 9 20 89 45 24 8 33 6 83 57 51 53 87 21 22 54 49 42 88 82 63 13 41 1 15 76 23 17 44 35 95 91 18 43 40 16 77 12 62 30 47 50 81 32 14 5 3 65 86 59 73 56 93 60 34 26 70 11 
146179 22979 
0 94 45 24 8 33 56 6 83 57 51 53 36 71 64 78 80 46 87 21 22 54 49 42 88 82 13 63 41 1 15 76 23 17 35 44 16 40 43 18 91 95 77 12 62 30 47 50 81 32 14 5 3 65 86 59 73 93 60 34 26 70 11 97 31 58 75 28 7 98 96 90 27 2 10 92 84 72 52 69 38 39 66 4 61 99 55 25 68 29 74 79 19 37 48 85 67 9 20 89 
44722 56410 
0 7 96 27 92 10 90 97 31 58 98 37 78 64 25 69 52 9 20 73 83 71 46 22 59 34 26 11 8 19 85 61 66 39 68 80 24 60 57 53 49 43 1 63 81 32 12 77 95 40 47 13 42 51 36 29 99 4 38 67 84 72 94 75 28 2 70 45 33 6 56 86 50 82 54 76 44 16 14 5 3 65 93 87 21 15 17 23 35 18 91 62 30 41 88 79 55 74 48 89 
21394 164571 
0 91 7 41 88 30 79 55 96 74 18 3 64 25 65 69 21 93 15 87 52 78 17 23 37 98 35 83 9 89 48 5 62 46 71 20 73 58 16 14 10 31 44 90 97 22 76 59 61 34 85 26 11 19 56 8 6 54 82 33 28 45 42 2 13 40 70 99 47 51 77 95 4 36 12 32 75 94 81 38 29 84 67 72 49 43 1 53 39 63 68 80 24 86 50 60 57 66 27 92 
130689 24032 
0 89 20 48 85 67 9 52 69 38 39 66 4 61 99 55 25 68 29 74 79 19 37 71 36 64 78 80 46 87 21 22 54 49 76 15 23 17 35 44 16 40 43 18 91 95 77 12 1 41 62 30 47 50 14 32 81 63 13 82 5 3 65 73 59 86 88 42 51 53 57 83 6 33 56 93 60 34 26 8 24 45 70 11 97 31 58 98 7 96 90 27 10 92 72 84 2 28 75 94 
159692 22467 
0 89 20 9 67 85 48 29 74 79 19 37 71 36 64 78 46 80 55 99 25 68 61 4 66 39 38 69 52 72 84 92 10 2 27 90 96 98 7 28 75 58 31 97 11 70 26 34 60 93 56 59 73 65 3 5 14 32 81 50 47 30 62 12 77 16 40 43 18 91 95 35 44 17 23 76 15 1 41 63 13 82 86 88 42 49 54 22 21 87 53 51 57 83 6 33 8 24 45 94 
97874 28112 
0 89 20 9 52 69 66 4 38 39 67 68 61 99 29 19 85 48 37 79 74 25 55 80 46 78 64 71 36 53 51 42 49 54 22 21 87 23 17 15 76 44 16 35 18 91 43 95 40 77 12 1 41 62 30 50 47 81 32 63 13 82 14 5 3 65 88 86 59 73 93 83 57 6 56 33 26 34 60 24 8 45 70 11 97 31 58 98 7 96 27 90 10 92 72 84 2 28 75 94 
45731 55213 
0 89 48 74 79 55 64 25 69 52 9 20 10 90 97 31 58 98 37 78 87 21 93 65 3 5 14 73 83 71 46 22 76 44 16 35 23 17 15 18 91 62 30 41 88 53 57 60 24 8 56 6 33 45 70 2 28 75 94 72 84 67 38 4 99 29 36 51 49 43 1 63 81 32 12 77 95 40 47 13 42 54 82 50 86 59 34 26 11 19 85 61 80 68 39 66 92 27 96 7 
62777 40477 
0 97 31 58 98 96 7 27 90 10 92 72 84 2 28 75 94 67 38 4 99 29 36 51 42 54 49 1 63 81 32 12 77 40 95 43 91 18 35 23 17 15 21 87 78 64 25 55 79 74 48 37 71 46 22 76 44 16 14 5 3 65 93 83 73 59 86 82 13 47 50 62 30 41 88 53 57 6 56 33 45 70 11 26 34 60 24 8 19 85 61 80 68 39 66 69 52 9 20 89 
21380 165022 
0 92 27 66 57 60 50 86 24 80 68 63 39 53 1 43 49 72 67 84 29 38 81 94 75 12 32 36 4 95 77 51 47 99 70 40 13 2 42 45 28 33 82 54 6 8 56 19 11 26 85 34 61 59 76 22 97 90 44 31 10 14 16 58 73 20 71 46 62 5 48 89 9 83 35 98 37 23 17 78 52 87 15 93 21 69 65 25 64 3 18 74 96 55 79 30 88 41 7 91 
118612 25127 
0 89 20 9 67 84 72 52 69 38 39 66 4 61 99 55 25 68 29 19 85 48 37 79 74 64 78 80 46 87 21 22 54 49 76 15 23 17 44 16 35 18 91 43 95 40 77 12 1 41 62 30 50 47 81 63 13 82 32 14 5 3 65 73 59 86 88 42 51 53 36 71 83 57 6 33 56 93 60 34 26 8 24 45 70 11 97 31 58 98 7 96 90 27 92 10 2 28 75 94 
83643 31339 
0 94 75 28 2 84 72 92 10 90 27 7 96 98 58 31 97 11 70 45 8 24 60 34 26 33 56 6 57 53 36 51 42 49 88 65 3 5 14 32 81 63 1 12 77 40 95 43 91 18 35 16 44 76 54 22 87 21 23 17 15 41 62 30 50 47 13 82 86 59 73 93 83 71 37 48 79 74 55 25 64 78 46 80 68 67 85 19 29 99 61 4 38 39 66 69 52 9 20 89 
162458 22395 
0 89 20 9 67 85 48 29 74 79 19 37 71 36 64 78 46 80 55 99 25 68 61 4 66 39 38 69 52 72 84 92 10 2 27 90 96 98 7 28 75 58 31 97 11 70 26 34 60 93 56 73 59 86 65 3 5 14 32 81 50 47 30 62 12 77 16 40 43 18 91 95 35 44 17 23 76 15 1 41 63 13 82 88 42 49 54 22 21 87 53 51 57 83 6 33 8 24 45 94 
22630 134592 
0 91 7 41 88 30 79 55 96 74 18 3 65 64 25 69 93 21 15 87 52 78 17 23 37 98 35 73 58 20 71 83 9 89 48 5 62 46 97 90 31 10 14 16 44 22 76 59 61 85 34 26 11 19 56 8 6 54 82 33 45 28 2 42 13 40 70 99 47 51 77 95 29 38 4 36 12 32 75 94 81 49 43 1 63 53 39 68 72 84 67 80 24 86 50 60 57 66 27 92 
116450 25384 
0 89 20 9 67 84 72 52 69 38 39 66 4 61 99 55 25 68 29 19 85 48 37 79 74 64 78 80 46 87 21 22 54 49 76 15 23 17 44 16 35 18 91 43 95 40 77 12 1 41 62 30 50 47 81 32 63 13 82 14 5 3 65 73 59 86 88 42 51 53 36 71 83 57 6 33 56 93 60 34 26 8 24 45 70 11 97 31 58 98 7 96 90 27 92 10 2 28 75 94 
99397 27852 
0 94 75 28 2 84 72 92 10 90 27 96 7 98 58 31 97 11 70 45 8 24 60 34 26 33 56 6 57 83 71 36 53 51 42 88 86 59 73 93 65 3 5 14 82 13 63 32 81 47 50 30 62 41 1 12 77 40 95 43 91 18 35 16 44 17 23 15 76 49 54 22 21 87 64 78 46 80 55 25 74 79 37 48 85 19 29 99 61 68 67 39 38 4 66 69 52 9 20 89 
42967 58807 
0 7 96 52 69 25 64 78 37 98 58 20 9 89 48 74 55 79 88 41 30 62 5 3 65 93 87 21 15 17 23 35 18 91 44 16 14 73 83 71 46 22 76 54 82 50 86 59 34 26 11 85 61 19 8 56 6 33 45 70 2 28 75 94 72 84 67 38 4 99 29 36 51 42 13 47 40 95 77 12 32 81 63 1 43 49 53 57 60 24 80 68 39 66 92 27 90 10 31 97 
176436 22141 
0 11 70 26 60 34 93 56 59 73 65 86 88 42 49 15 1 41 13 63 82 3 5 14 32 81 50 47 30 62 12 77 16 40 43 18 91 95 35 44 17 23 76 54 21 22 87 53 51 57 83 6 33 8 24 45 89 20 9 67 85 48 29 74 79 19 37 71 36 64 46 78 80 55 99 25 68 61 4 66 39 38 69 52 72 84 92 10 2 27 90 96 98 7 28 75 58 31 97 94 
48849 51468 
0 89 48 74 55 79 88 41 30 62 91 18 35 23 17 15 21 87 93 65 3 5 14 16 44 76 22 46 80 68 39 66 61 85 19 11 34 26 8 24 60 57 6 56 33 45 70 2 28 75 94 72 84 67 38 4 99 29 36 51 53 49 43 1 63 81 32 12 77 95 40 47 13 42 54 82 50 86 59 73 83 71 37 78 64 25 69 52 9 20 10 92 27 90 97 31 58 98 96 7 
93305 29086 
0 94 75 28 2 84 72 92 10 90 27 96 7 98 58 31 97 11 70 45 8 24 60 34 26 33 56 6 57 83 93 73 59 86 88 65 3 5 14 82 13 63 32 81 47 50 30 62 41 1 12 77 40 95 43 91 18 35 16 44 76 15 17 23 21 87 22 54 49 42 51 53 36 71 37 48 79 74 55 25 64 78 46 80 68 61 99 29 19 85 67 39 38 4 66 69 52 9 20 89 
53311 47192 
0 89 48 74 79 55 25 64 78 37 71 46 22 76 44 16 35 23 17 15 21 87 18 91 62 30 41 88 57 53 49 43 1 63 81 32 12 77 95 40 13 47 50 14 5 3 65 93 83 73 59 86 82 54 42 51 36 29 99 4 38 67 84 72 94 75 28 2 70 45 33 6 56 8 24 60 34 26 11 19 85 61 80 68 39 66 69 52 9 20 10 92 27 90 97 31 58 98 96 7 
40333 62662 
0 7 96 52 69 25 64 78 37 98 58 31 97 90 10 20 9 89 48 74 55 79 88 41 30 62 5 3 65 93 87 21 15 17 23 35 18 91 44 16 14 73 83 71 46 22 76 54 82 50 86 59 34 26 11 85 61 19 8 56 6 33 45 28 2 70 99 29 4 38 67 84 72 94 75 36 51 42 13 47 40 95 77 12 32 81 63 1 43 49 53 57 60 24 80 68 39 66 92 27 
44854 56355 
0 7 96 69 52 9 20 73 83 71 46 22 76 44 16 14 5 3 65 93 87 21 15 17 23 35 18 91 62 30 41 88 53 57 60 24 8 56 6 33 45 70 2 28 75 94 72 84 67 38 4 99 29 36 51 49 43 1 63 81 32 12 77 95 40 47 13 42 54 82 50 86 59 34 26 11 19 85 61 80 68 39 66 92 27 90 97 31 10 58 98 37 78 64 25 55 79 74 48 89 
137945 23509 
0 89 20 48 85 67 9 52 69 38 39 66 4 61 99 55 25 68 29 74 79 19 37 71 36 64 78 80 46 87 21 22 54 49 76 15 23 17 35 44 16 40 43 18 91 95 77 12 1 41 62 30 47 50 14 32 81 63 13 82 5 3 65 73 59 86 88 42 51 53 57 83 6 33 56 93 60 34 26 8 24 45 70 11 97 31 58 75 28 7 98 96 90 27 10 92 72 84 2 94 
22545 135710 
0 92 27 57 66 39 53 63 1 43 49 81 94 75 32 12 36 4 51 77 95 47 99 70 40 13 42 45 2 28 29 38 84 67 72 68 80 24 60 50 86 56 6 8 33 82 54 11 26 34 85 19 61 59 76 22 44 97 90 31 10 14 16 73 58 20 71 46 62 5 48 89 9 83 35 98 37 23 17 78 52 87 15 21 93 69 25 64 65 3 18 74 96 55 79 30 88 41 7 91 
172873 22172 
0 94 97 31 58 75 28 7 98 96 90 27 2 10 92 84 72 52 69 38 39 66 4 61 68 25 99 55 80 78 46 64 36 71 37 19 79 74 29 48 85 67 9 20 89 45 24 8 33 6 83 57 51 53 87 21 22 54 76 23 17 44 35 95 91 18 43 40 16 77 12 62 30 47 50 81 32 14 5 3 82 63 13 41 1 15 49 42 88 86 65 73 59 56 93 34 60 26 70 11 
22196 142666 
0 92 27 66 57 60 50 86 24 80 67 84 72 68 39 53 63 1 43 49 81 94 75 32 12 36 4 51 77 95 38 29 47 99 70 40 13 42 2 45 28 33 82 54 6 8 56 19 11 26 34 85 61 59 76 22 44 97 90 31 10 14 16 73 58 20 71 46 62 5 48 89 9 83 35 98 37 23 17 78 52 87 15 21 93 69 25 64 65 3 18 74 96 55 79 30 88 41 7 91 
23261 125192 
0 92 27 57 66 39 53 63 1 43 49 81 94 75 32 12 36 4 51 77 95 47 99 70 40 13 42 45 2 28 29 38 84 67 72 68 80 24 60 50 86 56 6 8 33 82 54 11 26 34 85 19 61 59 76 22 44 16 14 10 31 90 97 46 62 5 48 89 9 83 71 20 58 73 35 98 37 23 17 93 21 15 87 78 52 69 25 64 65 3 18 74 96 55 79 30 88 41 91 7 
28623 88180 
0 27 92 66 39 53 63 1 43 49 81 12 32 75 94 4 36 51 95 77 47 40 13 42 54 82 33 45 28 2 70 99 29 38 84 67 72 68 80 24 60 57 50 86 56 6 8 11 26 34 85 19 61 59 76 22 44 16 14 73 20 71 46 97 90 31 10 58 98 37 78 93 87 21 15 17 23 35 83 9 89 48 74 55 79 88 30 41 5 62 91 18 3 65 64 25 69 52 96 7 
46282 54480 
0 7 96 27 92 10 90 97 31 58 98 37 78 64 25 69 52 9 20 73 83 71 46 80 68 39 66 61 85 19 26 34 11 8 24 60 57 53 49 43 1 63 81 32 12 77 95 40 47 13 42 51 36 29 99 4 38 67 84 72 94 75 28 2 70 45 33 6 56 59 86 50 82 54 76 22 44 16 14 5 3 65 93 87 21 15 17 23 35 18 91 62 30 41 88 79 55 74 48 89 
48159 52231 
0 7 96 98 58 31 97 90 27 92 10 20 9 52 69 25 64 78 37 71 83 73 59 86 50 82 54 6 56 33 45 70 2 28 75 94 72 84 67 38 4 99 29 36 51 42 13 47 40 95 77 12 32 81 63 1 43 49 53 57 60 24 8 26 34 11 19 85 61 66 39 68 80 46 22 76 44 16 14 5 3 65 93 87 21 15 17 23 35 18 91 62 30 41 88 79 55 74 48 89 
23992 116695 
0 92 27 66 57 60 24 80 67 84 72 68 39 53 63 1 43 49 81 94 75 32 12 36 4 38 29 51 95 77 47 99 70 40 13 42 45 2 28 33 54 82 50 86 56 6 8 11 26 34 85 19 61 59 76 22 44 16 14 10 31 90 97 46 62 5 48 89 9 83 71 20 73 58 98 37 35 23 17 93 15 21 87 78 52 69 25 64 65 3 18 74 96 55 79 30 88 41 91 7 
88301 30177 
0 94 75 28 2 84 72 92 10 90 27 7 96 98 58 31 97 11 70 45 8 24 60 34 26 33 56 6 57 83 93 73 59 86 82 13 47 50 30 62 41 15 17 23 21 87 22 54 76 44 16 35 18 91 43 95 40 77 12 1 63 81 32 14 5 3 65 88 49 42 51 53 36 71 37 48 79 74 55 25 64 78 46 80 68 67 85 19 29 99 61 4 38 39 66 69 52 9 20 89 
21879 150274 
0 91 7 41 88 30 79 55 96 74 18 3 65 64 25 69 93 21 15 87 52 78 17 23 37 98 35 58 73 20 71 83 9 89 48 5 62 46 31 10 14 16 44 90 97 22 76 59 61 34 85 26 11 19 56 8 6 54 82 33 28 45 42 2 13 40 70 99 47 29 38 95 77 51 4 36 12 32 75 94 81 49 43 1 63 53 39 68 72 84 67 80 24 86 50 60 57 66 27 92 
159465 22475 
0 89 20 9 67 85 48 29 74 79 19 37 71 36 64 78 46 80 55 99 25 68 61 4 66 39 38 69 52 72 84 92 10 2 27 90 96 98 7 28 75 58 31 97 11 70 26 34 60 93 73 59 86 65 3 5 14 32 81 50 47 30 62 12 77 16 40 43 18 91 95 35 44 17 23 76 15 1 41 63 13 82 88 42 49 54 22 21 87 53 51 57 83 6 56 33 8 24 45 94 
26801 95553 
0 7 96 74 55 79 88 30 41 91 18 3 65 64 25 69 52 78 93 21 87 15 17 23 35 98 37 83 9 89 48 5 62 46 97 90 31 10 58 20 71 73 14 16 44 22 76 59 61 19 85 34 26 11 8 6 56 86 50 57 60 24 80 68 72 67 84 38 29 99 70 2 28 45 33 82 54 42 13 40 47 77 95 51 36 4 94 75 32 12 81 49 43 1 63 53 39 66 92 27 
39051 64706 
0 7 96 52 69 25 64 78 37 98 58 31 97 90 10 20 9 89 48 74 55 79 88 41 30 62 5 3 65 93 87 21 15 17 23 35 18 91 44 16 14 73 83 71 46 22 76 59 86 50 82 54 42 13 47 40 95 77 12 32 81 63 1 43 49 53 57 60 24 80 68 39 72 84 67 38 4 75 94 36 51 29 99 70 2 28 45 33 6 56 8 11 26 34 85 19 61 66 92 27 
56179 45148 
0 89 48 37 71 83 73 59 86 82 13 47 40 95 77 12 32 81 63 1 43 49 53 57 88 41 30 62 50 14 5 3 65 93 87 21 15 17 23 35 18 91 16 44 76 22 54 42 51 36 29 99 4 38 67 84 72 94 75 28 2 70 45 33 6 56 8 24 60 34 26 11 19 85 61 66 39 68 80 46 78 64 74 79 55 25 69 52 9 20 10 92 27 90 97 31 58 98 96 7 
21282 178446 
0 46 92 27 66 57 60 50 86 24 80 68 63 39 53 1 43 49 72 67 84 81 94 12 75 32 36 4 51 77 95 38 29 47 99 40 70 13 2 42 45 28 33 82 54 6 8 56 19 11 26 85 34 61 59 76 22 97 90 44 31 10 14 16 58 73 20 71 9 83 35 98 37 23 17 78 52 87 15 93 21 69 65 25 64 3 96 55 79 30 88 41 7 91 74 18 89 48 5 62 
23574 121227 
0 7 91 41 88 30 79 55 96 74 18 3 65 64 25 69 52 78 87 15 21 93 17 23 35 37 98 58 73 20 71 83 9 89 48 5 62 46 97 90 31 10 14 16 44 22 76 59 61 19 85 34 26 11 54 82 33 8 6 56 86 50 60 24 80 68 72 67 84 38 29 28 2 45 42 13 40 70 99 47 77 95 51 4 36 12 32 75 94 81 49 43 1 63 53 39 66 57 27 92 
112617 25862 
0 94 75 28 2 10 92 27 90 96 7 98 58 31 97 11 70 45 24 8 26 34 60 93 56 33 6 57 83 71 36 53 51 42 88 86 59 73 65 3 5 14 82 13 63 32 81 47 50 30 62 41 1 12 77 40 95 43 91 18 35 16 44 17 23 15 76 49 54 22 21 87 64 78 46 80 55 25 74 79 37 48 85 19 29 68 99 61 4 66 39 38 69 52 72 84 67 9 20 89 
22017 146874 
0 92 27 66 57 60 50 86 24 80 67 84 72 68 39 53 63 1 43 49 81 94 75 32 12 36 4 51 77 95 38 29 47 99 70 40 13 2 42 45 28 33 82 54 6 8 56 19 11 26 85 34 61 59 76 22 44 97 90 31 10 14 16 73 58 20 71 46 62 5 48 89 9 83 35 98 37 23 17 78 52 87 15 21 93 69 25 64 65 3 18 74 96 55 79 30 88 41 7 91 
62442 40702 
0 7 96 98 58 10 92 27 90 31 97 11 26 34 60 24 8 19 85 61 66 39 68 80 46 78 64 87 21 22 76 44 16 35 23 17 15 18 91 43 95 40 77 12 32 81 63 1 49 54 42 51 36 29 99 4 38 67 84 72 94 75 28 2 70 45 33 56 6 57 53 88 41 30 62 50 47 13 82 86 59 73 14 5 3 65 93 83 71 37 48 74 79 55 25 69 52 9 20 89 
23904 117520 
0 92 27 66 57 60 24 80 67 84 72 68 39 53 63 1 43 49 81 94 75 32 12 36 4 38 29 51 95 77 47 99 70 40 13 42 45 2 28 33 54 82 50 86 56 6 8 11 26 34 85 19 61 59 76 22 44 16 14 10 31 90 97 46 62 5 48 89 9 83 71 20 73 58 98 37 35 23 17 93 21 15 87 78 52 69 25 64 65 3 18 74 96 55 79 30 88 41 91 7 
56570 44688 
0 89 48 74 79 55 25 64 78 37 71 46 22 76 44 16 35 23 17 15 87 21 18 91 43 1 63 81 32 12 77 95 40 47 13 82 86 59 73 83 93 65 3 5 14 50 62 30 41 88 57 53 49 54 42 51 36 29 99 4 38 67 84 72 94 75 28 2 70 45 33 6 56 8 24 60 34 26 11 19 85 61 80 68 39 66 69 52 9 20 10 92 27 90 97 31 58 98 96 7 
43826 57665 
0 7 96 27 92 10 90 97 31 58 98 37 78 64 25 69 52 9 20 73 83 71 46 22 59 34 26 11 19 85 61 80 68 66 39 72 84 67 38 4 99 29 51 36 94 75 28 2 70 45 33 6 56 8 24 60 57 53 49 43 1 63 81 32 12 77 95 40 47 13 42 54 82 86 50 76 44 16 14 5 3 65 93 87 21 15 17 23 35 18 91 62 30 41 88 79 55 74 48 89 
26177 98921 
0 27 92 66 57 60 24 80 68 67 84 72 39 53 63 1 43 49 81 94 75 32 12 77 95 51 36 4 38 29 99 70 40 47 13 42 45 2 28 33 54 82 50 86 56 6 8 11 26 34 85 19 61 59 76 22 44 16 14 73 71 20 58 10 31 90 97 46 62 5 48 89 9 83 37 98 35 23 17 15 87 21 93 78 52 69 25 64 65 3 18 91 41 30 88 79 55 74 96 7 
81378 32057 
0 97 31 58 98 96 7 27 90 10 92 72 84 2 28 75 94 11 70 45 8 24 60 34 26 33 56 6 57 53 36 51 42 49 88 73 59 86 82 13 47 50 62 30 41 15 17 23 21 87 22 54 76 44 16 35 18 91 43 95 40 77 12 1 63 81 32 14 5 3 65 93 83 71 37 48 74 79 55 25 64 78 46 80 68 67 85 19 29 99 61 4 38 39 66 69 52 9 20 89 
24512 111891 
0 92 27 66 57 60 24 80 67 84 72 68 39 53 63 1 43 49 81 94 75 32 12 95 77 51 36 4 38 29 99 70 40 47 13 42 45 2 28 33 54 82 50 86 56 6 8 11 26 34 85 19 61 59 76 22 44 16 14 10 31 90 97 46 62 5 48 89 9 83 71 20 73 58 98 37 35 23 17 93 15 21 87 78 52 69 25 64 65 3 18 74 96 55 79 30 88 41 91 7 
153124 22679 
0 94 45 24 8 33 6 83 57 51 53 36 71 64 78 80 46 87 21 22 54 49 42 88 86 82 13 63 41 1 15 76 23 17 44 35 95 91 18 43 40 16 77 12 62 30 47 50 81 32 14 5 3 65 73 59 56 93 60 34 26 70 11 97 31 58 75 28 7 98 96 90 27 2 10 92 84 72 52 69 38 39 66 4 61 99 55 25 68 29 74 79 19 37 48 85 67 9 20 89 
146406 22971 
0 94 45 24 8 33 6 83 57 51 53 36 71 64 78 80 46 87 21 22 54 49 42 88 86 82 13 63 41 1 15 76 23 17 35 44 16 40 43 18 91 95 77 12 62 30 47 50 81 32 14 5 3 65 73 59 56 93 60 34 26 70 11 97 31 58 75 28 7 98 96 90 27 2 10 92 84 72 52 69 38 39 66 4 61 99 55 25 68 29 74 79 19 37 48 85 67 9 20 89 
88938 30035 
0 89 20 9 52 69 66 39 38 4 61 99 29 19 85 67 68 80 46 78 64 25 55 74 79 48 37 71 36 53 51 42 49 88 73 59 86 82 13 47 50 30 62 41 15 17 23 21 87 22 54 76 44 16 35 18 91 43 95 40 77 12 1 63 81 32 14 5 3 65 93 83 57 6 56 33 26 34 60 24 8 45 70 11 97 31 58 98 7 96 27 90 10 92 72 84 2 28 75 94 
38298 65940 
0 7 96 52 69 25 64 78 37 98 58 31 97 90 10 20 9 89 48 74 55 79 88 41 30 62 5 3 65 93 87 21 15 17 23 35 18 91 44 16 14 73 83 71 46 22 76 59 34 26 11 85 61 19 8 56 6 33 45 28 2 70 99 29 51 36 4 38 67 84 72 94 75 32 81 12 77 95 40 47 13 42 54 82 86 50 63 1 43 49 53 57 60 24 80 68 39 66 92 27 
25665 101859 
0 92 27 66 57 60 24 80 67 84 72 68 39 53 63 1 43 49 81 94 75 32 12 95 77 51 36 4 38 29 99 70 40 47 13 42 45 2 28 33 54 82 50 86 56 6 8 11 26 34 85 19 61 59 76 22 44 16 14 10 31 90 97 46 62 5 48 89 9 83 71 20 73 58 98 37 35 23 17 15 87 21 93 78 52 69 25 64 65 3 18 91 41 30 88 79 55 74 96 7 
143894 23119 
0 94 45 8 24 71 36 64 78 80 46 87 21 22 54 49 76 15 23 17 35 44 16 40 43 18 91 95 77 12 1 41 62 30 47 50 14 32 81 63 13 82 5 3 65 73 59 86 88 42 51 53 57 83 6 33 56 93 60 34 26 70 11 97 31 58 75 28 7 98 96 90 27 2 10 92 84 72 52 69 38 39 66 4 61 99 55 25 68 29 74 79 19 37 48 85 67 9 20 89 
93345 29078 
0 89 20 9 52 69 66 4 38 39 67 85 19 29 99 61 68 80 46 78 64 25 55 74 79 48 37 71 36 53 51 42 49 54 22 21 87 23 17 15 76 44 16 35 18 91 43 95 40 77 12 1 41 62 30 50 47 81 32 63 13 82 14 5 3 65 88 86 59 73 93 83 57 6 56 33 26 34 60 24 8 45 70 11 97 31 58 98 7 96 27 90 10 92 72 84 2 28 75 94 
25934 100295 
0 27 92 66 57 60 24 80 67 84 72 68 39 53 63 1 43 49 81 94 75 32 12 95 77 51 36 4 38 29 99 70 40 47 13 42 2 28 45 33 54 82 50 86 56 6 8 11 26 34 85 19 61 59 76 22 44 16 14 73 71 20 58 10 31 90 97 46 62 5 48 89 9 83 37 98 35 23 17 15 87 21 93 78 52 69 25 64 65 3 18 91 41 30 88 79 55 74 96 7 
100283 27717 
0 94 75 28 2 84 72 92 10 90 27 96 7 98 58 31 97 11 70 45 24 8 26 34 60 56 33 6 57 83 71 36 53 51 42 88 86 59 73 93 65 3 5 14 82 13 63 32 81 47 50 30 62 41 1 12 77 40 95 43 91 18 35 16 44 17 23 15 76 49 54 22 21 87 64 78 46 80 55 25 74 79 37 48 85 19 29 99 61 68 67 39 38 4 66 69 52 9 20 89 
61092 41623 
0 7 96 98 58 10 92 27 90 31 97 11 26 34 60 24 8 19 85 61 66 39 68 80 46 78 64 87 21 15 17 23 35 18 91 43 95 40 77 12 32 81 63 1 49 53 88 41 30 62 16 44 76 22 54 42 51 36 29 99 4 38 67 84 72 94 75 28 2 70 45 33 56 6 57 59 86 82 13 47 50 14 5 3 65 93 73 83 71 37 48 74 79 55 25 69 52 9 20 89 
23331 124522 
0 7 91 41 88 30 79 55 96 74 18 3 65 64 25 69 52 78 87 15 21 93 17 23 37 98 35 73 58 20 71 83 9 89 48 5 62 46 97 90 31 10 14 16 44 22 76 59 61 19 85 34 26 11 56 8 6 54 82 33 45 28 2 42 13 40 70 99 47 95 77 51 29 38 4 36 12 32 75 94 81 49 43 1 63 53 39 68 72 84 67 80 24 86 50 60 57 66 27 92 
59489 42721 
0 7 96 98 58 10 92 27 90 31 97 11 26 34 60 24 8 19 85 61 80 68 39 66 69 52 9 48 74 79 55 25 64 78 87 21 15 17 23 35 18 91 43 95 40 77 12 32 81 63 1 49 54 42 51 36 29 99 4 38 67 84 72 94 75 28 2 70 45 33 56 6 57 53 88 41 30 62 50 47 13 82 86 59 73 83 93 65 3 5 14 16 44 76 22 46 71 37 20 89 
93375 29072 
0 89 20 9 52 69 66 39 38 4 61 68 67 85 19 29 99 80 46 78 64 25 55 74 79 48 37 71 36 53 51 42 49 54 22 21 87 23 17 15 76 44 16 35 18 91 43 95 40 77 12 1 41 62 30 50 47 81 32 63 13 82 14 5 3 65 88 86 59 73 93 83 57 6 56 33 26 34 60 24 8 45 70 11 97 31 58 98 7 96 27 90 10 92 72 84 2 28 75 94 
49328 50975 
0 7 96 98 58 31 97 90 27 92 10 20 9 52 69 25 64 78 37 71 83 73 59 86 56 6 33 45 70 2 28 75 94 72 84 67 38 4 99 29 36 51 42 54 82 50 47 13 40 95 77 12 32 81 63 1 43 49 53 57 60 24 8 26 34 11 19 85 61 66 39 68 80 46 22 76 44 16 14 5 3 65 93 87 21 15 17 23 35 18 91 62 30 41 88 79 55 74 48 89 
22724 132787 
0 91 7 41 88 30 79 55 96 74 18 3 65 64 25 69 93 21 15 87 52 78 17 23 37 98 35 73 58 20 71 83 9 89 48 5 62 46 97 90 31 10 14 16 44 22 76 59 61 19 85 34 26 11 54 82 33 8 6 56 86 50 60 24 80 68 72 67 84 38 29 28 2 45 42 13 40 70 99 47 95 77 51 4 36 12 32 75 94 81 49 43 1 63 53 39 66 57 27 92 
23010 128854 
0 91 7 41 88 30 79 55 96 74 18 3 65 64 25 69 52 78 87 15 21 93 17 23 37 98 35 73 58 20 71 83 9 89 48 5 62 46 97 90 31 10 14 16 44 22 76 59 61 19 85 34 26 11 56 8 6 54 82 33 45 28 2 42 13 40 70 99 47 95 77 51 29 38 4 36 12 32 75 94 81 49 43 1 63 53 39 68 72 84 67 80 24 86 50 60 57 66 27 92 
34123 73673 
0 7 96 52 69 25 64 78 37 98 58 31 97 90 10 20 9 89 48 74 55 79 88 41 30 18 91 62 5 3 65 93 87 21 15 17 23 35 44 16 14 73 83 71 46 22 76 59 61 19 85 34 26 11 8 56 6 33 45 28 2 70 99 29 38 4 36 51 95 77 47 40 13 42 54 82 50 86 57 60 24 80 68 67 84 72 94 75 32 12 81 49 43 1 63 53 39 66 92 27 
88328 30171 
0 94 75 28 2 84 72 92 10 90 27 7 96 98 58 31 97 11 70 45 8 24 60 34 26 33 56 6 57 83 93 65 3 5 14 32 81 63 1 12 77 40 95 43 91 18 35 16 44 76 54 22 21 87 23 17 15 41 62 30 50 47 13 82 86 59 73 88 49 42 51 53 36 71 37 48 79 74 55 25 64 78 46 80 68 67 85 19 29 99 61 4 38 39 66 69 52 9 20 89 
41653 60723 
0 7 96 52 69 25 64 78 37 98 58 20 9 89 48 74 55 79 88 41 30 62 5 3 65 93 87 21 15 17 23 35 18 91 44 16 14 73 83 71 46 22 76 59 34 26 11 85 61 19 8 24 60 57 53 49 43 1 63 81 32 12 77 95 40 47 13 42 54 82 50 86 56 6 33 45 70 2 28 75 94 36 51 29 99 4 38 84 72 67 80 68 39 66 92 27 90 10 31 97 
21544 159721 
0 91 7 41 88 30 79 55 96 74 18 3 64 25 65 69 21 93 15 87 52 78 17 23 37 98 35 58 73 20 71 83 9 89 48 5 62 46 31 10 14 16 44 90 97 22 76 59 61 34 85 26 11 19 56 8 6 54 82 33 28 45 42 2 13 40 70 99 47 29 38 95 77 51 4 36 12 32 75 94 81 49 43 1 53 39 63 68 72 84 67 80 24 86 50 60 57 66 27 92 
63716 39862 
0 7 96 98 58 10 92 27 90 31 97 11 26 34 60 24 8 19 85 61 80 68 67 84 72 94 75 28 2 70 45 33 56 6 57 53 49 1 63 81 32 12 77 40 95 43 91 18 35 23 17 15 21 87 22 46 78 64 25 55 79 74 48 37 71 83 93 65 3 5 14 50 47 13 82 86 59 73 88 41 30 62 16 44 76 54 42 51 36 29 99 4 38 39 66 69 52 9 20 89 
88978 30027 
0 89 20 9 52 69 66 39 38 4 61 99 29 19 85 67 68 80 46 78 64 25 55 74 79 48 37 71 36 53 51 42 49 88 73 59 86 82 13 47 50 30 62 41 15 17 23 87 21 22 54 76 44 16 35 18 91 43 95 40 77 12 1 63 81 32 14 5 3 65 93 83 57 6 56 33 26 34 60 24 8 45 70 11 97 31 58 98 7 96 27 90 10 92 72 84 2 28 75 94 
166707 22294 
0 94 45 24 8 33 6 83 57 51 53 87 21 22 54 76 23 17 44 35 95 91 18 43 40 16 77 12 62 30 47 50 81 32 14 5 3 82 63 13 41 1 15 49 42 88 86 65 73 59 56 93 60 34 26 70 11 97 31 58 75 28 7 98 96 90 27 2 10 92 84 72 52 69 38 39 66 4 61 68 25 99 55 80 46 78 64 36 71 37 19 79 74 29 48 85 67 9 20 89 
21843 151239 
0 92 27 66 57 60 50 86 24 80 67 84 72 68 39 53 63 1 43 49 81 94 75 32 12 36 4 51 77 95 38 29 47 99 70 40 13 2 42 45 28 33 82 54 6 8 56 19 11 26 85 34 61 59 76 22 97 90 44 16 14 10 31 46 62 5 48 89 9 83 71 20 73 58 35 98 37 23 17 78 52 87 15 93 21 69 25 64 65 3 18 74 96 55 79 30 88 41 7 91 
